receptor = miRNA-142_3D_Structure_model1.pdbqt
exhaustiveness  = 8
center_x = -28.2727
center_y = 15.2748
center_z = -51.2827
size_x = 85.3954992294
size_y = 35.2665001631
size_z = 134.013040657