receptor = miRNA-198_3D_Structure_model1.pdbqt
exhaustiveness  = 8
center_x = -17.9693
center_y = -35.5533
center_z = -1.4662
size_x = 43.6380598497
size_y = 88.619047699
size_z = 31.7674502087