receptor = miRNA-126_3D_Structure_model1.pdbqt
exhaustiveness  = 8
center_x = -6.7165
center_y = 35.3322
center_z = 25.8983
size_x = 54.8601713562
size_y = 94.8424507904
size_z = 59.8659092522
