receptor = miRNA-203_3D_Structure_model1.pdbqt
exhaustiveness  = 8
center_x = 19.1209
center_y = -32.7505
center_z = -42.3971
size_x = 45.9277286053
size_y = 65.4525362527
size_z = 105.140751762