receptor = miRNA-1249_3D_Structure_model1.pdbqt
exhaustiveness  = 8
center_x = -12.1969
center_y = -64.5975
center_z = 4.9316
size_x = 50.5101002312
size_y = 141.721766739
size_z = 55.7587797165