receptor = miRNA_205 3D Structure_model1.pdbqt
exhaustiveness  = 8
center_x = 41.6895
center_y = -6.9482
center_z = -30.6902
size_x = 122.91296299
size_y = 53.7631610298
size_z = 68.8520281792