receptor = miRNA-612_3D_Structure_model1.pdbqt
exhaustiveness  = 8
center_x = -14.3107
center_y = -44.9216
center_z = -11.7718
size_x = 92.2715759468
size_y = 91.6901523018
size_z = 70.2076596451
